### LAYER 1 ###
__  20  01  02  02  41  41  __  __  __  46  04  04  04  __  28  __  __
01  GA  01  07  14  14  GA  15  15  42  GA  04  09  04  05  GA  46  __
01  13  10  GA  11  11  11  __  15  __  36  47  GA  04  GA  22  01  __
01  13  13  08  __  __  __  15  15  03  03  03  GA  __  10  22  01  01
01  06  13  13  13  __  __  07  GA  03  20  21  12  12  22  22  47  01
34  GA  08  29  GA  28  19  19  19  __  20  GA  44  12  22  24  GA  01
34  37  37  37  19  19  19  __  __  21  21  44  44  38  25  24  17  01
__  32  41  __  32  32  32  32  32  21  21  29  26  GA  25  05  GA  09
__  35  GA  48  48  43  GA  49  33  GA  45  GA  45  18  39  GA  01  __
35  GA  27  43  43  43  43  33  33  33  45  35  45  45  39  05  01  __
__  27  GA  39  33  33  33  33  02  GA  45  45  49  45  45  __  __  __
12  GA  33  33  48  49  48  48  48  45  30  30  GA  24  __  __  __  __
__  12  30  30  48  48  48  30  30  30  30  49  48  __  __  __  __  __

### LAYER 2 ###
__  20  01  01  02  41  41  __  12  __  46  04  04  10  05  28  46  __
01  00  01  07  14  14  38  07  12  42  18  10  09  10  05  06  46  __
02  00  10  25  14  14  38  07  12  10  36  47  09  04  04  06  01  __
02  00  08  08  14  14  38  07  12  12  12  12  12  04  10  22  47  __
01  06  08  08  14  14  38  07  23  20  20  12  12  22  22  22  47  __
01  23  08  29  14  28  38  38  38  38  38  38  38  38  22  24  37  __
34  37  __  37  37  37  38  38  38  38  44  44  44  38  25  24  01  01
__  32  41  __  32  __  31  33  33  33  44  29  26  00  05  05  01  09
__  35  48  48  43  43  42  49  33  34  44  36  26  18  26  39  __  __
35  43  43  43  43  43  43  49  45  45  45  35  35  01  39  05  __  __
__  27  33  39  33  33  49  33  02  44  45  49  49  01  45  24  __  __
12  12  33  33  33  49  49  49  48  45  48  30  24  24  45  24  __  __
__  12  __  30  30  30  30  30  49  49  49  49  48  __  __  __  __  __

### LAYER 3 ###
__  20  01  02  02  02  41  02  12  __  46  46  10  10  05  28  46  __
01  00  01  07  02  02  10  10  47  42  18  04  09  28  28  28  46  __
02  00  10  25  10  10  10  10  10  21  36  36  10  28  28  06  01  __
02  00  10  10  10  41  07  07  10  10  10  36  12  28  10  __  47  __
__  06  00  __  __  __  07  07  23  20  20  31  12  28  10  __  47  __
01  23  00  29  29  28  28  28  28  28  28  28  28  28  37  37  37  __
01  37  00  00  29  29  37  __  __  38  38  38  38  38  25  24  01  __
01  34  41  __  32  29  29  29  29  29  29  29  26  00  24  24  01  09
01  35  48  48  43  43  42  49  33  34  44  36  26  18  24  24  24  __
35  43  43  43  43  43  43  33  49  44  44  35  35  26  24  05  24  __
__  27  33  39  33  33  49  49  02  44  45  49  49  45  45  24  24  __
12  35  35  35  35  35  35  49  49  45  45  45  45  45  45  __  __  __
12  12  __  __  30  30  30  49  49  49  49  49  48  __  __  __  __  __

### LAYER 4 ###
__  20  20  20  20  20  41  02  12  __  46  46  46  40  05  46  46  __
01  00  01  07  07  20  41  02  47  42  18  18  09  04  05  46  46  __
02  00  10  25  07  20  20  20  20  42  36  10  10  10  05  06  01  __
02  41  41  41  07  07  07  07  20  20  36  36  12  10  10  10  __  __
__  06  23  23  23  23  23  23  23  20  20  36  12  09  09  09  47  __
34  23  23  06  06  06  37  37  37  37  37  36  12  37  37  37  37  __
__  37  41  00  __  __  37  31  02  __  31  36  12  25  25  24  01  __
__  34  41  32  32  __  32  32  02  12  12  36  12  00  24  24  01  09
__  35  48  48  43  43  42  32  33  34  12  36  12  18  39  39  __  __
35  35  33  33  33  33  33  33  33  35  35  35  12  26  39  05  __  __
__  27  33  39  32  32  01  48  02  45  45  48  48  01  24  __  __  __
12  12  32  32  32  __  __  48  48  48  48  48  48  45  45  __  __  __
__  12  12  12  12  12  12  12  12  12  12  48  48  __  __  __  __  __

### LAYER 5 ###
01  01  01  01  01  01  41  __  12  __  46  46  46  46  46  46  __  __
01  00  01  01  41  41  41  02  47  42  18  18  09  40  01  01  01  __
02  00  10  25  02  01  06  06  47  42  10  18  18  40  05  06  01  __
02  02  10  10  10  10  06  02  47  42  10  40  18  10  05  10  47  __
__  06  06  __  02  __  06  02  21  42  31  40  18  10  05  05  47  __
34  06  06  06  02  06  06  02  21  42  37  40  18  37  05  05  37  __
34  37  41  00  02  02  __  02  02  42  31  40  18  25  25  05  01  __
__  34  41  34  32  32  32  42  42  42  40  40  18  00  12  05  01  09
__  35  48  48  48  02  42  42  32  34  40  __  18  18  39  05  01  __
35  35  35  35  35  35  35  35  35  35  35  35  12  39  39  05  01  __
__  12  32  39  39  32  39  39  48  48  45  45  45  45  01  01  01  __
12  30  30  30  30  30  30  30  30  30  30  30  30  45  __  __  __  __
__  12  __  48  48  48  48  48  48  48  48  48  48  __  __  __  __  __

### LAYER 6 ###
01  01  41  41  41  41  41  01  12  12  12  12  47  47  47  47  47  __
01  00  41  01  01  01  01  01  10  10  10  01  09  47  01  47  47  __
__  00  41  25  25  25  25  06  06  06  06  06  06  06  06  06  47  __
__  41  41  02  02  01  25  10  10  10  10  10  10  10  47  10  47  __
__  06  41  10  02  01  25  25  25  10  10  01  01  01  01  47  47  __
34  41  41  __  02  01  02  25  25  37  37  37  37  37  37  37  37  __
34  37  41  00  __  01  01  01  25  25  25  25  25  25  25  01  01  __
34  34  41  __  __  40  32  01  01  01  01  01  __  00  12  01  01  09
__  35  48  32  32  32  32  32  32  34  12  01  12  26  26  __  __  __
35  40  48  39  39  39  39  39  39  39  39  35  12  39  39  __  __  __
__  12  48  12  39  32  01  01  01  01  12  01  12  __  __  __  __  __
12  12  12  12  12  12  12  12  12  12  12  48  48  __  __  __  __  __
__  12  48  48  48  48  48  48  48  48  48  48  48  __  __  __  __  __

### LAYER 7 ###
__  01  01  01  01  01  01  01  01  01  01  12  12  01  01  01  __  __
__  00  00  00  00  00  00  00  00  00  10  01  12  12  12  12  __  __
__  __  __  06  06  06  06  06  06  00  00  10  09  10  10  12  __  __
__  06  06  06  06  06  00  00  00  00  00  00  09  12  10  12  __  __
__  06  06  10  __  __  __  __  __  00  00  00  09  09  01  12  __  __
34  37  37  37  37  37  37  37  37  37  37  00  00  09  09  12  12  12
34  37  __  __  00  00  00  00  00  00  00  00  00  00  09  01  01  12
34  34  34  34  34  40  40  40  40  40  40  __  40  00  09  09  09  12
__  34  34  34  34  34  34  34  34  34  40  39  12  12  12  12  12  12
35  35  35  35  35  35  35  35  35  35  35  35  12  12  12  12  __  __
__  __  39  12  12  12  12  12  12  12  12  12  12  __  __  __  __  __
__  12  12  12  12  12  12  12  __  __  __  __  __  __  __  __  __  __
__  12  __  __  __  __  __  __  __  __  __  __  __  __  __  __  __  __