### LAYER 1 ###
__  16  16  20  20  20  20  20  20  16  16  16  16  16  18  52  44  44
03  GA  16  42  26  26  GA  27  20  27  GA  34  34  16  52  GA  18  41
20  03  29  GA  58  26  08  08  08  27  27  27  GA  37  GA  41  41  41
30  GA  29  49  58  07  GA  08  32  48  49  27  GA  37  16  GA  16  44
20  __  GA  40  __  07  05  17  GA  48  49  27  37  37  45  45  44  44
25  GA  23  40  GA  07  45  45  59  59  GA  GA  02  02  11  11  GA  44
53  53  GA  40  21  21  21  GA  50  47  GA  28  GA  05  00  GA  48  __
53  19  19  19  24  24  GA  56  30  30  55  28  24  GA  46  11  GA  46
53  29  29  39  26  26  GA  GA  56  GA  55  GA  38  59  37  GA  54  54
53  GA  15  40  40  40  GA  57  56  30  55  38  00  47  37  14  13  54
53  15  43  51  51  51  17  57  50  GA  04  38  00  34  13  13  13  54
53  __  43  51  38  51  51  51  51  51  04  38  GA  00  13  __  __  54
53  __  GA  51  GA  06  06  GA  42  42  GA  02  13  13  13  GA  __  54
53  33  33  33  33  __  21  __  04  GA  41  02  25  GA  25  09  54  54
53  33  33  22  GA  12  GA  __  __  41  41  47  47  47  09  09  54  54
53  GA  12  22  12  12  GA  31  GA  47  47  GA  01  GA  09  53  GA  54
__  22  22  22  __  __  __  __  __  __  __  __  __  __  __  __  53  __

### LAYER 2 ###
__  16  16  32  32  32  32  32  32  16  35  35  34  37  18  52  44  __
03  32  32  42  26  26  52  27  27  27  35  34  34  37  52  44  18  35
03  03  29  56  58  26  08  17  08  05  05  05  13  37  43  41  44  35
30  03  29  49  58  58  58  17  32  48  49  05  37  37  13  41  16  35
20  03  03  40  __  07  05  17  59  48  48  05  05  37  45  13  44  44
25  53  03  03  03  07  45  14  14  __  55  03  05  02  11  02  44  44
__  19  19  40  21  07  07  14  50  47  55  20  05  05  00  57  48  __
__  19  29  19  24  47  47  56  30  47  55  59  24  05  46  46  48  46
__  29  29  40  26  39  07  08  30  04  33  33  38  59  37  37  54  54
__  29  15  40  40  39  57  57  30  30  55  30  00  00  37  14  13  54
__  15  43  42  42  42  17  57  50  56  18  __  34  00  41  41  41  54
__  33  33  33  38  42  42  42  42  51  04  38  10  00  41  __  __  54
__  33  43  33  51  51  51  33  42  51  41  41  41  41  41  __  __  54
__  33  33  33  55  55  21  31  04  04  41  02  25  15  25  __  54  54
__  33  33  12  55  12  12  31  __  41  41  13  __  47  47  __  54  54
53  10  12  12  12  __  19  31  47  47  __  13  13  __  __  53  53  54
__  10  10  10  10  10  10  10  10  10  10  __  __  __  __  __  53  __

### LAYER 3 ###
__  16  16  16  16  17  17  17  32  16  35  35  34  37  18  52  35  35
03  32  32  42  26  26  52  17  27  27  27  27  34  37  52  44  44  35
03  03  29  56  56  56  08  17  08  05  49  27  13  37  43  44  44  44
30  03  29  49  56  56  56  56  32  48  49  27  13  13  13  41  16  44
20  20  29  40  21  07  05  56  59  20  48  27  13  45  45  41  41  44
25  53  29  40  03  07  45  56  14  20  03  03  20  02  00  41  48  44
19  19  29  40  21  07  07  56  50  20  20  20  34  05  00  57  48  __
19  19  29  40  24  47  07  56  56  18  18  59  24  59  00  46  46  46
19  __  __  40  26  21  07  08  56  56  04  33  24  59  00  37  54  41
19  33  15  15  26  55  57  30  30  56  55  55  00  00  00  14  54  41
19  15  43  42  15  55  17  33  50  56  18  55  34  34  47  __  41  41
19  33  43  33  38  55  39  33  15  15  15  38  10  00  47  __  54  __
19  33  43  43  55  55  51  51  51  51  15  15  15  38  47  __  54  __
__  33  __  __  55  55  21  31  04  42  __  02  25  15  25  __  54  __
__  33  33  12  12  12  12  31  __  41  41  13  25  __  __  53  53  __
53  10  53  53  53  53  19  31  47  41  41  13  13  __  __  53  53  __
__  __  __  __  __  53  53  53  53  53  53  53  53  53  53  53  53  __

### LAYER 4 ###
__  16  16  16  16  17  17  17  16  16  35  35  34  37  18  52  35  35
03  32  20  42  26  17  52  52  52  52  52  52  52  52  52  52  18  35
03  03  42  42  26  26  08  08  08  05  49  43  43  43  43  41  41  41
30  03  42  49  26  26  08  08  32  05  48  48  48  48  48  41  16  41
30  30  30  26  26  26  05  08  59  59  59  59  13  45  48  48  48  41
25  53  42  26  26  26  45  08  14  14  03  59  20  02  57  41  48  35
53  53  42  26  21  26  57  08  50  14  18  59  59  05  37  57  48  41
30  19  19  26  24  26  24  08  50  14  18  59  59  59  37  __  48  41
30  30  30  26  26  26  57  08  50  __  04  33  24  59  37  37  37  41
__  33  33  21  26  30  30  30  50  33  33  38  38  38  37  14  __  __
__  15  43  42  15  47  17  31  50  04  18  55  34  34  38  __  __  __
__  15  43  33  38  38  38  31  57  04  33  38  10  00  38  __  __  __
19  15  43  43  33  47  38  31  04  04  38  38  15  38  38  __  __  __
19  15  15  15  55  15  15  31  04  42  __  02  25  15  25  __  __  __
19  33  19  33  33  33  33  31  33  41  41  13  25  __  __  53  __  __
53  10  19  19  19  19  19  31  47  __  41  13  13  __  __  53  53  __
__  53  53  53  53  53  53  53  53  53  53  53  53  53  53  53  53  __

### LAYER 5 ###
__  16  16  16  16  16  16  16  16  16  35  35  34  37  18  35  35  35
03  32  20  42  32  17  16  16  16  16  16  16  16  16  18  __  18  __
03  03  20  42  42  17  __  49  49  49  49  43  16  16  16  16  41  41
30  03  20  49  49  49  49  49  32  45  45  37  37  37  37  16  16  41
30  20  20  20  03  03  05  05  05  45  03  18  13  45  37  37  37  41
25  53  20  21  21  57  45  05  05  45  03  20  20  02  37  41  37  35
53  53  20  21  21  57  57  57  05  05  05  18  05  05  37  57  57  37
53  19  19  19  24  24  24  24  24  14  14  14  14  14  14  14  37  37
53  19  19  19  19  30  24  24  24  24  24  33  24  41  14  14  37  37
53  19  19  33  19  30  33  33  33  33  33  24  24  34  34  14  __  __
53  15  19  19  19  19  17  57  57  __  18  55  34  34  34  41  __  __
53  19  43  19  38  19  19  38  38  38  55  55  10  00  41  41  __  __
53  19  43  19  38  38  19  38  38  38  38  38  15  15  41  __  __  __
53  19  19  19  55  47  15  15  15  15  15  02  02  15  41  __  __  __
53  33  19  19  __  47  19  __  __  41  25  25  25  41  41  53  __  __
53  10  19  19  19  19  19  47  __  __  41  13  41  41  41  53  53  __
__  __  __  __  __  __  __  __  __  __  41  41  41  __  __  __  53  __

### LAYER 6 ###
__  __  __  __  __  __  __  __  __  __  35  35  34  37  35  35  35  35
03  32  32  32  32  32  32  32  32  __  35  35  34  37  37  57  18  57
03  03  03  42  42  17  32  32  32  43  43  43  34  34  37  37  41  57
30  03  03  03  03  03  03  03  32  __  __  18  18  18  18  37  37  37
30  30  20  20  20  57  57  03  03  03  03  18  13  45  34  34  34  37
25  25  25  21  20  20  45  45  45  45  03  20  13  02  57  41  34  37
25  53  25  25  20  20  20  20  20  20  20  20  13  02  34  41  34  37
25  19  25  25  25  25  25  25  43  43  43  43  13  02  34  41  34  __
25  53  43  21  30  30  30  30  30  30  33  33  13  02  34  34  34  __
25  53  43  21  30  30  17  33  33  33  33  33  13  02  34  41  __  __
53  15  43  21  21  21  17  33  57  33  18  13  13  02  34  41  __  __
53  53  43  33  33  33  33  33  55  55  55  13  10  02  __  41  __  __
53  33  33  33  33  33  33  33  55  25  25  13  02  02  41  41  __  __
53  33  33  33  55  55  55  55  55  42  15  13  02  __  41  __  __  __
53  33  33  33  33  33  19  15  15  15  15  13  41  53  41  53  __  __
53  10  10  10  10  10  19  10  10  10  __  13  __  __  41  53  53  __
53  53  53  53  53  53  53  53  53  53  53  53  53  53  53  53  53  __

### LAYER 7 ###
__  __  __  __  __  __  __  __  __  __  35  35  35  35  35  35  35  35
__  __  43  43  43  43  43  43  43  43  43  43  35  57  57  57  18  35
__  __  43  42  42  17  __  __  43  43  43  43  35  57  35  43  18  35
30  __  43  42  42  17  57  57  57  57  57  57  57  57  35  __  18  35
30  30  43  42  42  17  57  45  45  45  45  45  45  45  35  35  18  35
30  30  43  42  42  17  45  45  45  45  45  57  57  57  57  18  18  35
30  25  43  30  42  17  17  __  __  57  57  57  18  18  18  18  41  41
30  19  43  30  42  42  17  25  25  57  57  57  18  18  02  41  41  __
30  30  30  30  30  42  17  25  25  30  __  __  18  41  41  41  41  __
25  19  43  25  30  42  17  25  57  30  18  18  18  41  41  41  __  __
53  15  43  25  25  42  17  25  57  30  18  18  57  41  41  41  __  __
53  15  43  __  25  42  42  25  25  30  10  10  10  41  41  __  __  __
53  19  15  15  19  42  42  25  25  25  10  10  41  41  41  __  __  __
53  53  25  15  15  15  15  42  42  42  10  53  41  41  41  __  __  __
53  53  __  __  19  19  15  15  10  10  10  53  41  41  41  __  __  __
53  10  10  10  10  10  10  10  10  10  10  53  53  53  53  53  __  __
53  53  53  53  53  53  53  53  53  53  53  53  53  53  53  53  53  __